INSTRUMENT_TYPE=SEACATPLUS
SERIALNO=6943
TCALDATE=23-Apr-15
TA0= 1.286058e-003
TA1= 2.689578e-004
TA2=-8.230800e-007
TA3= 1.664026e-007
CCALDATE=23-Apr-15
CG=-9.726787e-001
CH= 1.387061e-001
CI=-9.639010e-005
CJ= 2.532575e-005
CTCOR= 3.250000e-006
CPCOR=-9.570000e-008
PCALDATE=21-Apr-15
PA0= 1.733339e+000
PA1= 1.571432e-002
PA2=-6.687792e-010
PTCA0= 5.249442e+005
PTCA1= 4.207047e+000
PTCA2= 3.330275e-002
PTCB0= 2.512200e+001
PTCB1=-2.000000e-004
PTCB2= 0.000000e+000
PTEMPA0=-6.812500e+001
PTEMPA1= 4.985482e+001
PTEMPA2=-3.408185e-002
