INSTRUMENT_TYPE=SBE43
SERIALNO=3164
OCALDATE=20-Jan-17
SOC= 4.178511e-001
VOFFSET=-4.862023e-001
A=-3.665260e-003
B= 2.124651e-004
C=-3.253437e-006
E= 3.600000e-002
Tau20= 3.680000e+000
