INSTRUMENT_TYPE=SBE43
SERIALNO=2484
OCALDATE=04-Sep-19
SOC= 4.710731e-001
VOFFSET=-4.364431e-001
A=-3.334812e-003
B= 1.725302e-004
C=-2.504504e-006
E= 3.600000e-002
Tau20= 4.440000e+000
