INSTRUMENT_TYPE=SBE43
SERIALNO=2463
OCALDATE=09-Sep-17
SOC= 4.113300e-001
VOFFSET=-4.404180e-001
A=-3.343342e-003
B= 1.575701e-004
C=-2.355256e-006
E= 3.600000e-002
Tau20= 3.550000e+000
