INSTRUMENT_TYPE=SBE43
SERIALNO=3163
OCALDATE=17-Jan-17
SOC= 4.395260e-001
VOFFSET=-4.891085e-001
A=-3.938871e-003
B= 2.615523e-004
C=-4.380896e-006
E= 3.600000e-002
Tau20= 3.810000e+000
