INSTRUMENT_TYPE=SBE43
SERIALNO=2463
OCALDATE=05-Sep-13
SOC= 4.703274e-001
VOFFSET=-4.357669e-001
A=-2.546990e-003
B= 1.595364e-004
C=-2.690409e-006
E= 3.600000e-002
Tau20= 3.940000e+000
