INSTRUMENT_TYPE=SBE43
SERIALNO=2484
OCALDATE=19-Oct-21
SOC= 4.595759e-001
VOFFSET=-4.461725e-001
A=-4.885840e-003
B= 1.820868e-004
C=-2.281429e-006
E= 3.600000e-002
Tau20= 4.420000e+000
