INSTRUMENT_TYPE=SBE43
SERIALNO=2891
OCALDATE=12-Feb-16
SOC= 4.668562e-001
VOFFSET=-5.118222e-001
A=-3.294924e-003
B= 1.565230e-004
C=-2.677457e-006
E= 3.600000e-002
Tau20= 3.220000e+000
