INSTRUMENT_TYPE=SBE43
SERIALNO=2891
OCALDATE=05-Sep-19
SOC= 4.536496e-001
VOFFSET=-4.979948e-001
A=-2.466442e-003
B= 1.271578e-004
C=-2.191256e-006
E= 3.600000e-002
Tau20= 3.880000e+000
