INSTRUMENT_TYPE=SBE43
SERIALNO=2463
OCALDATE=23-Dec-23
SOC= 4.216551e-001
VOFFSET=-4.175160e-001
A=-4.236842e-003
B= 1.736083e-004
C=-2.437343e-006
E= 3.600000e-002
Tau20= 3.990000e+000
