INSTRUMENT_TYPE=SBE43
SERIALNO=2463
OCALDATE=28-May-14
SOC= 4.740856e-001
VOFFSET=-4.307290e-001
A=-3.027886e-003
B= 1.924226e-004
C=-3.301422e-006
E= 3.600000e-002
Tau20= 3.940000e+000
