INSTRUMENT_TYPE=SBE43
SERIALNO=2484
OCALDATE=05-Sep-13
SOC= 3.968857e-001
VOFFSET=-4.499910e-001
A=-2.211455e-003
B= 1.647122e-004
C=-2.505943e-006
E= 3.600000e-002
Tau20= 4.700000e+000
