INSTRUMENT_TYPE=SBE43
SERIALNO=2891
OCALDATE=18-Sep-20
SOC= 4.713335e-001
VOFFSET=-5.017684e-001
A=-3.665719e-003
B= 1.688723e-004
C=-2.720938e-006
E= 3.600000e-002
Tau20= 4.060000e+000
