INSTRUMENT_TYPE=SBE43
SERIALNO=2463
OCALDATE=04-Sep-19
SOC= 4.078922e-001
VOFFSET=-4.188709e-001
A=-2.867520e-003
B= 1.450020e-004
C=-2.142532e-006
E= 3.600000e-002
Tau20= 4.230000e+000
