INSTRUMENT_TYPE=SBE43
SERIALNO=3163
OCALDATE=09-Jan-19
SOC= 4.505258e-001
VOFFSET=-4.920893e-001
A=-3.939937e-003
B= 1.968104e-004
C=-2.974205e-006
E= 3.600000e-002
Tau20= 4.170000e+000
