INSTRUMENT_TYPE=SBE43
SERIALNO=2891
OCALDATE=12-Sep-18
SOC= 4.751456e-001
VOFFSET=-4.986526e-001
A=-3.492737e-003
B= 1.568484e-004
C=-2.526317e-006
E= 3.600000e-002
Tau20= 3.540000e+000
