INSTRUMENT_TYPE=SBE43
SERIALNO=2463
OCALDATE=03-Dec-24
SOC=  4.256266e-01
VOFFSET= -4.292449e-01
A= -2.459915e-03
B=  1.333604e-04
C= -2.270768e-06
E=  3.600000e-02
Tau20=  4.770000e+00
