INSTRUMENT_TYPE=SBE43
SERIALNO=2891
OCALDATE=15-Apr-14
SOC= 4.212467e-001
VOFFSET=-5.072073e-001
A=-2.618043e-003
B= 1.520771e-004
C=-3.130292e-006
E= 3.600000e-002
Tau20= 3.880000e+000
