INSTRUMENT_TYPE=SBE43
SERIALNO=2463
OCALDATE=29-Dec-18
SOC= 4.011709e-001
VOFFSET=-4.306738e-001
A=-3.998881e-003
B= 1.734565e-004
C=-2.531235e-006
E= 3.600000e-002
Tau20= 3.940000e+000
