INSTRUMENT_TYPE=SBE43
SERIALNO=2891
OCALDATE=05-May-15
SOC= 4.437120e-001
VOFFSET=-5.148198e-001
A=-3.909230e-003
B= 2.042710e-004
C=-3.183557e-006
E= 3.600000e-002
Tau20= 3.620000e+000
