INSTRUMENT_TYPE=SBE43
SERIALNO=2484
OCALDATE=10-Jun-14
SOC= 4.901803e-001
VOFFSET=-4.463632e-001
A=-3.675544e-003
B= 1.871372e-004
C=-2.796506e-006
E= 3.600000e-002
Tau20= 4.700000e+000
