INSTRUMENT_TYPE=SBE43
SERIALNO=3164
OCALDATE=16-Aug-18
SOC= 4.246511e-001
VOFFSET=-4.764093e-001
A=-3.649419e-003
B= 1.931417e-004
C=-3.090873e-006
E= 3.600000e-002
Tau20= 3.530000e+000
