INSTRUMENT_TYPE=SBE43
SERIALNO=3163
OCALDATE=16-Aug-18
SOC= 4.515927e-001
VOFFSET=-4.814088e-001
A=-3.621003e-003
B= 1.897112e-004
C=-3.143284e-006
E= 3.600000e-002
Tau20= 3.340000e+000
