INSTRUMENT_TYPE=SBE43
SERIALNO=3164
OCALDATE=08-May-15
SOC= 4.991161e-001
VOFFSET=-4.876759e-001
A=-3.769794e-003
B= 1.832093e-004
C=-2.801791e-006
E= 3.600000e-002
Tau20= 4.090000e+000
