INSTRUMENT_TYPE=SBE43
SERIALNO=2463
OCALDATE=14-Mar-18
SOC= 4.177968e-001
VOFFSET=-4.309624e-001
A=-3.770107e-003
B= 1.801721e-004
C=-2.853445e-006
E= 3.600000e-002
Tau20= 4.730000e+000
