INSTRUMENT_TYPE=SBE43
SERIALNO=2891
OCALDATE=01-Feb-24
SOC= 3.650747e-001
VOFFSET=-5.028928e-001
A=-2.379260e-003
B= 1.149733e-004
C=-2.158099e-006
E= 3.600000e-002
Tau20= 4.040000e+000
