INSTRUMENT_TYPE=SBE43
SERIALNO=3163
OCALDATE=08-Oct-21
SOC= 4.664327e-001
VOFFSET=-4.906462e-001
A=-4.229362e-003
B= 1.734018e-004
C=-2.472016e-006
E= 3.600000e-002
Tau20= 3.860000e+000
