INSTRUMENT_TYPE=SBE43
SERIALNO=3163
OCALDATE=28-Nov-24
SOC=  4.490044e-01
VOFFSET= -4.887015e-01
A= -2.472586e-03
B=  1.451958e-04
C= -2.543399e-06
E=  3.600000e-02
Tau20=  5.710000e+00
