INSTRUMENT_TYPE=SBE43
SERIALNO=3164
OCALDATE=24-Oct-24
SOC= 3.564433e-001
VOFFSET=-5.024437e-001
A=-2.820161e-003
B= 1.587189e-004
C=-2.463921e-006
E= 3.600000e-002
Tau20= 3.910000e+000
