INSTRUMENT_TYPE=SBE43
SERIALNO=2484
OCALDATE=10-Feb-16
SOC= 5.225431e-001
VOFFSET=-4.512248e-001
A=-4.128051e-003
B= 1.973483e-004
C=-2.975241e-006
E= 3.600000e-002
Tau20= 4.700000e+000
