INSTRUMENT_TYPE=SBE43
SERIALNO=3164
OCALDATE=19-Sep-20
SOC= 4.071304e-001
VOFFSET=-4.823635e-001
A=-2.966941e-003
B= 1.873687e-004
C=-2.896086e-006
E= 3.600000e-002
Tau20= 3.830000e+000
