INSTRUMENT_TYPE=SBE43
SERIALNO=3164
OCALDATE=09-Jan-19
SOC= 4.338718e-001
VOFFSET=-4.869393e-001
A=-4.031412e-003
B= 2.041405e-004
C=-3.069022e-006
E= 3.600000e-002
Tau20= 4.090000e+000
