INSTRUMENT_TYPE=SBE43
SERIALNO=2484
OCALDATE=09-Sep-17
SOC= 4.563416e-001
VOFFSET=-4.536254e-001
A=-3.924515e-003
B= 1.883503e-004
C=-2.700109e-006
E= 3.600000e-002
Tau20= 3.570000e+000
