INSTRUMENT_TYPE=SBE43
SERIALNO=3163
OCALDATE=22-Sep-20
SOC= 4.520641e-001
VOFFSET=-4.839777e-001
A=-4.208362e-003
B= 1.903470e-004
C=-2.901039e-006
E= 3.600000e-002
Tau20= 4.490000e+000
