INSTRUMENT_TYPE=SBE43
SERIALNO=3164
OCALDATE=03-Dec-22
SOC= 4.783383e-001
VOFFSET=-4.869917e-001
A=-3.962835e-003
B= 1.631437e-004
C=-2.175172e-006
E= 3.600000e-002
Tau20= 4.540000e+000
