INSTRUMENT_TYPE=SBE43
SERIALNO=2463
OCALDATE=06-Feb-16
SOC= 4.813241e-001
VOFFSET=-4.362598e-001
A=-3.295605e-003
B= 1.889832e-004
C=-3.206864e-006
E= 3.600000e-002
Tau20= 5.210000e+000
