INSTRUMENT_TYPE=SBE43
SERIALNO=2484
OCALDATE=27-Nov-12
SOC= 3.786485e-001
VOFFSET=-4.411510e-001
A=-1.874979e-003
B= 1.231441e-004
C=-1.996305e-006
E= 3.600000e-002
Tau20= 4.700000e+000
