INSTRUMENT_TYPE=SBE43
SERIALNO=3163
OCALDATE=08-Nov-22
SOC= 4.566095e-001
VOFFSET=-4.833852e-001
A=-3.713215e-003
B= 1.869042e-004
C=-2.755431e-006
E= 3.600000e-002
Tau20= 3.980000e+000
