INSTRUMENT_TYPE=SBE43
SERIALNO=2463
OCALDATE=08-Oct-21
SOC= 4.092379e-001
VOFFSET=-4.304839e-001
A=-4.665289e-003
B= 1.815327e-004
C=-2.487595e-006
E= 3.600000e-002
Tau20= 4.090000e+000
