INSTRUMENT_TYPE=SBE43
SERIALNO=2484
OCALDATE=24-Jan-24
SOC= 4.620884e-001
VOFFSET=-4.365403e-001
A=-1.851633e-003
B= 8.471412e-005
C=-1.373572e-006
E= 3.600000e-002
Tau20= 6.010000e+000
