INSTRUMENT_TYPE=SBE43
SERIALNO=3163
OCALDATE=25-Apr-15
SOC= 4.347720e-001
VOFFSET=-4.885966e-001
A=-3.322901e-003
B= 1.558257e-004
C=-2.376892e-006
E= 3.600000e-002
Tau20= 4.170000e+000
