INSTRUMENT_TYPE=SBE43
SERIALNO=2484
OCALDATE=14-Mar-18
SOC= 4.726351e-001
VOFFSET=-4.479987e-001
A=-4.016217e-003
B= 2.082698e-004
C=-3.166279e-006
E= 3.600000e-002
Tau20= 4.700000e+000
