INSTRUMENT_TYPE=SBE43
SERIALNO=3136
OCALDATE=05-Sep-18
SOC= 4.955387e-001
VOFFSET=-5.030883e-001
A=-3.453615e-003
B= 1.422819e-004
C=-2.449243e-006
E= 3.600000e-002
Tau20= 3.990000e+000
