INSTRUMENT_TYPE=SBE43
SERIALNO=2853
OCALDATE=28-Nov-24
SOC=  4.930360e-01
VOFFSET= -5.222641e-01
A= -2.564308e-03
B=  1.396692e-04
C= -2.301862e-06
E=  3.600000e-02
Tau20=  4.620000e+00
