INSTRUMENT_TYPE=SBE43
SERIALNO=2853
OCALDATE=08-Feb-14
SOC= 5.019588e-001
VOFFSET=-5.229488e-001
A=-3.130687e-003
B= 1.597742e-004
C=-3.085445e-006
E= 3.600000e-002
Tau20= 6.270000e+000
