INSTRUMENT_TYPE=SBE43
SERIALNO=3136
OCALDATE=22-Sep-20
SOC= 5.022414e-001
VOFFSET=-5.064574e-001
A=-3.577813e-003
B= 1.487795e-004
C=-2.488514e-006
E= 3.600000e-002
Tau20= 4.950000e+000
