INSTRUMENT_TYPE=SBE43
SERIALNO=2853
OCALDATE=26-Aug-17
SOC= 5.127758e-001
VOFFSET=-5.279803e-001
A=-3.739660e-003
B= 1.716172e-004
C=-2.163848e-006
E= 3.600000e-002
Tau20= 6.270000e+000
