INSTRUMENT_TYPE=SBE43
SERIALNO=2853
OCALDATE=19-Oct-21
SOC= 4.949919e-001
VOFFSET=-5.199926e-001
A=-4.306176e-003
B= 1.512845e-004
C=-1.836814e-006
E= 3.600000e-002
Tau20= 4.570000e+000
