INSTRUMENT_TYPE=SBE43
SERIALNO=2853
OCALDATE=08-Nov-22
SOC= 4.956653e-001
VOFFSET=-5.150913e-001
A=-4.154241e-003
B= 2.049810e-004
C=-3.090699e-006
E= 3.600000e-002
Tau20= 3.890000e+000
