INSTRUMENT_TYPE=SBE43
SERIALNO=3136
OCALDATE=14-Apr-15
SOC= 5.327092e-001
VOFFSET=-5.118603e-001
A=-2.452219e-003
B= 1.202848e-004
C=-2.461913e-006
E= 3.600000e-002
Tau20= 4.530000e+000
