INSTRUMENT_TYPE=SBE43
SERIALNO=3136
OCALDATE=27-Jan-24
SOC= 4.502565e-001
VOFFSET=-4.213144e-001
A=-2.336464e-003
B= 1.271237e-004
C=-2.346101e-006
E= 3.600000e-002
Tau20= 4.550000e+000
