INSTRUMENT_TYPE=SBE43
SERIALNO=2853
OCALDATE=04-Sep-19
SOC= 4.285974e-001
VOFFSET=-5.102415e-001
A=-2.618080e-003
B= 1.204364e-004
C=-1.380454e-006
E= 3.600000e-002
Tau20= 3.710000e+000
