INSTRUMENT_TYPE=SBE43
SERIALNO=3136
OCALDATE=17-Jan-17
SOC= 5.400881e-001
VOFFSET=-5.134034e-001
A=-3.281476e-003
B= 2.033733e-004
C=-3.651002e-006
E= 3.600000e-002
Tau20= 4.480000e+000
