INSTRUMENT_TYPE=SBE43
SERIALNO=2853
OCALDATE=14-Mar-18
SOC= 5.205775e-001
VOFFSET=-5.223712e-001
A=-3.921565e-003
B= 2.070856e-004
C=-3.227963e-006
E= 3.600000e-002
Tau20= 6.270000e+000
