INSTRUMENT_TYPE=SBE43
SERIALNO=2853
OCALDATE=10-Feb-16
SOC= 5.189075e-001
VOFFSET=-5.250295e-001
A=-4.171421e-003
B= 2.126553e-004
C=-3.525028e-006
E= 3.600000e-002
Tau20= 5.410000e+000
