INSTRUMENT_TYPE=SBE43
SERIALNO=3136
OCALDATE=09-Jan-19
SOC= 5.057274e-001
VOFFSET=-5.137047e-001
A=-3.542757e-003
B= 1.578602e-004
C=-2.767481e-006
E= 3.600000e-002
Tau20= 4.530000e+000
