INSTRUMENT_TYPE=SBE43
SERIALNO=3136
OCALDATE=22-Jun-23
SOC= 4.534182e-001
VOFFSET=-4.198806e-001
A=-4.201856e-003
B= 1.833399e-004
C=-3.022380e-006
E= 3.600000e-002
Tau20= 4.030000e+000
