INSTRUMENT_TYPE=SEACATPLUS
SERIALNO=50030
TCALDATE=24-Apr-15
TA0= 1.246200e-003
TA1= 2.737611e-004
TA2=-9.211607e-007
TA3= 1.752894e-007
CCALDATE=24-Apr-15
CG=-9.918712e-001
CH= 1.354809e-001
CI=-2.209925e-004
CJ= 3.410213e-005
CTCOR= 3.250000e-006
CPCOR=-9.570000e-008
PCALDATE=23-Apr-15
PA0= 2.147215e-001
PA1= 1.543947e-003
PA2= 5.778564e-012
PTCA0= 5.250355e+005
PTCA1= 1.114359e+001
PTCA2=-2.173946e-001
PTCB0= 2.505900e+001
PTCB1= 2.000000e-004
PTCB2= 0.000000e+000
PTEMPA0=-6.589436e+001
PTEMPA1= 5.143425e+001
PTEMPA2=-1.952310e-001
