SERIALNO=2085
k0=-1.5641730000029475
k2=-8.650570e-04
f0 = -1.565143961943e+00
f1 = 1.291727185022e-05
f2 = -9.203788109976e-09
f3 = -5.431013087842e-12
f4 = 1.217914210938e-14
f5 = -6.355160348474e-18
f6 = 1.096831093113e-21
TA0=-2.185538e-004
TA1= 3.169633e-004
TA2=-4.571329e-006
TA3= 2.039809e-007
CG=-1.000023e+000
CH= 1.173043e-001
CI=-1.711722e-004
CJ= 2.551601e-005
CTCOR= 3.250000e-006
CPCOR=-9.570000e-008
WBOTC= 2.850426e-008
PA0=-2.482750e-001
PA1= 8.870700e-003
PA2= 5.065380e-011
PTCA0= 5.235686e+005
PTCA1=-9.363753e+000
PTCA2= 3.586961e-001
PTCB0= 1.041629e+002
PTCB1=-5.733951e-003
PTCB2= 0.000000e+000
PTEMPA0=-9.642062e+001
PTEMPA1= 4.004956e-002
PTEMPA2= 1.369020e-006
SetA0 =1.051300e+000
SetA1 =-1.500000e-003
SetA2 =4.740224e-001
SetB0 =-2.286081e-001
SetB1 =1.690622e+000
SetC0 =9.476091e-002
SetC1 =4.032711e-003
SetC2 =5.146658e-005
SetTA0 =7.098666e-004
SetTA1 =2.489495e-004
SetTA2 =9.100609e-007
SetTA3 =9.226602e-008
SetE =1.100000e-002
