SERIALNO=2106
k0=-1.5636490000029906
k2=-8.889574e-04
f0 = -1.563755568669e+00
f1 = 5.866799553412e-06
f2 = 7.675593944410e-09
f3 = -2.515617420498e-11
f4 = 2.453268145239e-14
f5 = -1.028809654505e-17
f6 = 1.597064961482e-21
TA0=-1.739742e-004
TA1= 3.154110e-004
TA2=-4.863982e-006
TA3= 2.130967e-007
CG=-9.996553e-001
CH= 1.213221e-001
CI=-1.856730e-004
CJ= 2.812110e-005
CTCOR= 3.250000e-006
CPCOR=-9.570000e-008
WBOTC=-2.319375e-007
PA0= 1.525590e-002
PA1= 9.009627e-003
PA2= 5.228915e-011
PTCA0= 5.230057e+005
PTCA1=-8.875914e+000
PTCA2= 3.910675e-001
PTCB0= 1.030663e+002
PTCB1=-7.479532e-003
PTCB2= 0.000000e+000
PTEMPA0=-9.674716e+001
PTEMPA1= 3.981444e-002
PTEMPA2= 1.429355e-006
SetA0 =1.051300e+000
SetA1 =-1.500000e-003
SetA2 =4.544030e-001
SetB0 =-2.351837e-001
SetB1 =1.677131e+000
SetC0 =9.812775e-002
SetC1 =4.169250e-003
SetC2 =5.399086e-005
SetTA0 =6.843359e-004
SetTA1 =2.557777e-004
SetTA2 =2.746361e-007
SetTA3 =1.128614e-007
SetE =1.100000e-002