INSTRUMENT_TYPE=SEACATPLUS
SERIALNO=7249
TCALDATE=28-Oct-22
TA0= 1.202092e-003
TA1= 2.917555e-004
TA2=-3.237853e-006
TA3= 2.713160e-007
CCALDATE=28-Oct-22
CG=-9.953372e-001
CH= 1.544743e-001
CI=-2.305882e-004
CJ= 4.091278e-005
CTCOR= 3.250000e-006
CPCOR=-9.570000e-008
PCALDATE=12-Oct-22
C1=-4.643779e+003
C2=-7.540100e-002
C3= 8.852730e-004
D1= 6.781200e-002
D2= 0.000000e+000
T1= 3.005444e+001
T2=-3.892070e-004
T3= 2.670250e-006
T4= 1.718780e-009
T5= 0.000000e+000
AD590M= 0.00000e+000
AD590B= 0.00000e+000
